369362
384264
989532
421690
993176
914836
167854
546408
40
391000
266312
366844
633608
682
668
732406
140404
916580
86
723740
726804
756
137400
858178
811216
609232
154010
910366
118714
659448
991036
809224
874750
753646
766230
559390
692340
883454
131072
218680
890974
49044
506966
221418
724720
150910
820490
829140
373122
568116
633706
248310
148922
167814
211088
901374
603568
709968
613948
201942
308314
299136
696824
135036
527356
438864
488260
973682
476
719992
500702
777998
372980
922946
886364
313770
301386
540
828016
560130
516164
814202
378882
672452
307936
880340
680562
37110
561712
979704
17298
856498
589970
977470
89534
780322
512116
868386
821648
500932
484386
446486
156408
