947
457
643
853
59
307
191
953
197
1069
983
439
409
67
281
521
557
881
919
277
1091
61
607
929
863
839
419
601
3
1021
233
827
37
859
71
331
5
421
23
47
109
167
647
449
173
251
877
823
503
89
97
53
359
761
337
269
479
911
661
541
709
163
683
577
2
431
13
1019
967
199
971
487
821
127
769
347
379
1051
1103
181
271
787
1039
461
283
659
727
157
653
509
317
977
101
991
443
587
179
733
353
491
773
397
349
1063
641
257
1097
563
193
743
211
107
311
313
1033
367
1049
941
499
31
691
739
227
701
137
241
41
401
997
1013
467
673
569
887
613
617
1093
751
619
463
151
19
29
1009
631
223
809
547
757
263
797
239
43
113
139
383
523
593
599
103
229
17
7
11
Liczba liczb pierwszych: 164
