390625 1000
531441 1100
531441 1100
531441 1100
524288 10011
531441 1100
524288 10011
531441 1100
390625 101
531441 101
524288 10011
524288 10011
524288 1010
390625 1000
390625 1000
524288 1011
390625 1000
531441 1100
390625 1000
390625 1000
390625 1001
390625 1000
524288 10011
524288 10011
524288 10011
524288 10011
524288 10011
531441 1100
531441 1100
524288 10011
524288 10011
531441 1100
531441 1100
390625 1000
531441 1100
524288 10011
390625 1000
524288 10011
531441 1100
524288 10011
524288 10011
531441 1100
524288 10011
531441 1100
390625 1000
531441 1100
524288 10011
390625 1000
524288 10011
390625 1000
531441 1100
390625 1000
531441 1100
524288 10011
390625 1000
524288 10010
524288 10011
531441 1100
531441 1100
390625 1000
524288 10011
531441 1100
390625 1000
390625 1000
524288 1001
531441 1100
390625 1000
531441 1100
524288 100
524288 10011
390625 1000
390625 10
390625 1000
524288 10011
531441 1100
390625 1001
531441 1100
531441 1100
390625 1000
531441 1100
390625 1000
524288 10011
524288 10011
524288 10011
531441 1100
524288 10011
524288 10011
390625 1000
390625 1000
524288 10011
390625 1000
390625 1000
531441 1100
524288 10011
524288 10011
524288 10011
531441 1100
531441 1100
390625 1000
524288 10011
531441 1100
524288 10011
390625 1000
524288 10011
531441 1100
524288 10011
524288 10011
524288 10011
390625 1000
524288 10011
524288 10011
531441 1100
531441 1100
531441 1100
390625 1000
531441 1100
524288 10011
531441 1100
531441 1100
524288 10011
524288 10011
390625 1000
531441 1100
531441 1100
531441 1100
524288 10011
524288 10011
524288 10011
390625 1000
524288 10011
524288 10011
524288 10011
390625 1000
390625 1000
390625 1000
524288 10011
390625 1000
524288 10011
524288 10011
531441 1100
390625 1000
531441 1100
390625 1000
390625 1000
531441 1100
531441 1100
531441 1100
524288 10011
524288 10011
531441 1100
524288 10011
531441 1101
524288 10011
390625 1001
524288 10011
524288 10011
390625 1000
531441 1100
531441 1101
390625 1000
524288 10011
524288 10011
524288 10011
531441 1100
390625 1000
524288 10011
390625 1000
524288 10010
531441 1100
524288 10011
524288 10010
531441 1100
390625 1000
531441 1100
524288 10011
390625 1000
531441 1100
524288 10011
390625 1000
524288 10011
524288 10011
531441 1100
524288 10010
531441 1100
531441 1100
524288 10011
531441 1100
531441 1100
531441 1100
390625 1000
524288 10011
524288 10011
531441 1100
390625 1000
524288 10011
524288 10011
531441 1100
524288 10011
531441 1100
524288 10011
531441 1100
531441 1100
531441 1100
531441 1101
390625 1000
531441 1100
524288 10011
531441 1100
390625 1000
531441 1100
390625 1000
524288 10011
390625 1000
531441 1100
390625 1001
531441 1100
390625 1000
524288 10011
524288 10011
390625 1000
531441 1100
531441 1100
531441 1100
524288 10011
390625 1000
531441 1100
531441 1100
524288 10011
524288 10011
524288 10011
531441 1100
390625 1000
390625 1001
531441 1100
531441 1100
524288 10011
524288 10011
524288 10011
524288 10011
524288 10011
390625 1000
531441 1100
390625 1000
390625 1000
531441 1100
531441 1100
390625 1000
531441 1100
390625 1000
390625 1000
524288 10011
390625 1000
531441 1100
531441 1100
531441 1100
531441 1100
524288 10011
531441 1100
531441 1100
390625 1000
390625 1000
390625 1000
531441 1100
531441 1100
390625 1000
524288 10011
531441 1100
524288 10011
390625 1000
390625 1000
524288 10011
531441 1100
531441 1100
531441 1100
524288 10011
390625 1000
524288 10011
531441 1100
531441 1100
390625 1000
390625 1000
524288 10011
390625 1000
390625 1000
531441 1100
531441 1100
524288 10011
531441 1100
531441 1100
390625 1000
390625 1000
531441 1100
390625 1000
524288 10011
531441 1100
390625 1000
390625 1000
390625 1000
531441 1100
531441 1100
