0 0
10 1000
4 10111
7 1000
8 101
0 0
6 10001
6 10100
8 1
6 1001
2 110010
10 1000
10 11
1 1001010101010011
8 1100
4 1000
8 1010
2 1011
10 11
1 1000100000000101110101111001111
8 1100
0 0
1 1000111111001011011110111111100
4 101
8 1100
6 11
3 10000100011
8 1
10 101
5 101110
8 10
8 100
6 10111
1 101100011000010001110100100101
2 1010
7 111
10 1000
8 110
2 111101
7 11
6 11
2 10
5 10011
3 1010
7 11
5 110100
10 1000
1 1001011001100001100000011101111
3 100011
2 1010
10 1
8 10
1 1111111011101010001001111111101
8 1
8 1000
4 1011
2 10010
0 0
2 1100
1 1101001010100011011111010100010
9 11
10 1000
10 101
8 101
0 0
3 1001
2 11111
8 1
5 110010
7 10011
0 0
0 0
6 111
8 1
3 10010101100
6 11
4 1001
4 10100
2 10010
0 0
2 10001
5 1000111
6 11111
3 10101
0 0
3 1000
5 101011
3 10111
5 101101
7 1100
5 1011
3 1101011
6 10
2 10101
5 100110
10 100
3 1010011
9 111
7 10101
8 1000
7 110
6 11101
5 101001
4 111
5 10100
4 110
6 10011
8 1010
7 10010
5 1000011
0 0
9 11
1 1111110010010101001100110101000
9 1010
5 100010
8 100
2 1000
6 100000
3 10110
2 1000
1 101000100011110001011000010
2 11110
2 11001
8 101
8 101
4 1000
10 11
2 1010
6 11100
6 110
8 111
8 110
1 1010100000101011010100101110000
3 10110
10 1
0 0
8 11
0 0
2 1100
2 110
5 100
3 100000
2 100
3 1101
9 1010
3 1000
6 1111
2 1010
4 110
6 100
9 101
3 10011
2 10
10 101
0 0
2 10101
7 111
1 1110001011000001101110000111100
4 1011
6 1101
10 11
1 110000011010100110011000011111
0 0
4 1011
4 1001
1 10100000110010100101000001000
9 100
6 11
6 101
2 1001
0 0
5 1000000
9 11
6 111
0 0
1 10101000100000101111100100101
10 110
7 1111
4 1111
6 100000
0 0
8 11
1 1001010110010011111101000011110
9 100
0 1
0 11
9 10
1 1010000101100101100000110000010
3 111
0 111
10 111
3 1000000001
5 101111
5 100011
3 101
8 1100
4 1010
0 111
4 11
6 111
7 1000
1 1001010001000001101010110011111
0 111
0 10
0 1
10 101
4 10
3 100111111
6 10101
4 1001
7 1001
10 111
9 1010
8 100
4 100
1 1110110001001010000100101010001
7 1101
9 101
8 101
2 10101
1 1110000000001101000010100010
1 11001000110001000011010111111
10 101
2 10011
9 10
5 100011
7 1011
3 10000010010
9 1001
5 100110
5 100011
3 1001001101
6 11101
3 1000100111
3 101101001
8 1100
1 11011001001110111111111111010
9 111
8 1001
4 10010
8 10
5 101001
2 101000
0 0
1 110011000100100010000111001110
4 1111
0 0
8 110
9 100
1 101001111111001001110001100111
2 1000
1 10100010011110011101011000
4 1011
7 1100
6 10010
9 1010
10 10
6 100010
4 111
2 11101
0 0
6 10001
1 101101001100111110101011101
1 11111100101000000001000011011
7 1
7 10
9 1000
5 110110
3 1011010110
1 1000111111111101111101111111101
2 11000
8 1110
8 100
10 10
9 1001
5 11010
3 1111110
4 1010
3 111100101
5 1011
0 0
9 110
5 101010
8 10
5 10110
0 0
7 1100
4 10
4 1100
8 10
0 0
2 1010
3 10001000
3 10000011110
9 1010
10 1000
3 11101001
7 1010
3 10011100110
1 1100001011100110010110110011110