672
490
1017
39
451
146
947
1060
457
1020
265
1011
791
497
111
477
25
815
643
217
767
853
819
319
154
874
714
875
91
59
385
542
370
55
646
976
665
530
686
667
1074
510
740
307
191
945
953
197
166
758
532
1022
622
393
150
981
1069
38
705
1071
506
983
483
1007
439
600
611
386
899
436
990
375
744
210
1088
716
1086
409
4
12
960
104
67
281
470
1024
454
492
521
30
218
384
550
660
557
341
513
26
606
881
919
169
539
473
608
527
886
277
1052
1054
46
415
280
700
316
776
536
129
710
938
158
132
45
586
975
1091
61
607
929
863
839
679
262
814
42
76
80
66
878
1083
75
49
916
35
28
602
852
918
703
245
345
738
327
867
1081
220
605
419
465
198
950
516
1079
410
650
601
802
644
381
135
50
3
446
1021
233
998
15
464
827
315
357
37
725
56
418
172
1044
906
596
255
9
746
392
837
117
775
102
892
620
208
340
1040
748
1041
1048
621
859
413
228
575
472
71
842
961
729
1073
310
914
331
105
460
5
676
120
934
612
421
23
365
452
47
112
598
810
109
167
68
1106
717
695
98
647
449
594
970
256
287
625
1016
303
1032
615
302
1075
173
1057
562
588
1104
183
1037
251
152
1035
548
567
877
823
708
741
299
248
898
503
520
552
22
632
462
445
89
225
930
72
476
785
808
1098
826
207
97
145
348
53
350
1067
655
298
915
278
359
890
309
33
387
903
249
20
864
440
962
761
1095
793
322
856
40
893
1096
364
337
580
770
848
174
398
582
269
927
912
380
511
1089
855
558
885
851
390
469
949
479
1012
243
747
519
482
994
407
796
428
822
1026
911
661
512
427
202
74
335
544
722
187
1047
246
781
541
328
161
326
570
429
828
556
371
1076
590
81
992
955
720
417
578
136
759
388
32
709
222
163
683
627
484
437
141
784
999
344
965
577
889
730
65
1029
888
2
618
431
13
235
10
1019
1036
774
125
272
456
185
786
142
1038
675
106
252
1092
753
909
967
116
1058
533
422
496
240
276
963
835
320
24
199
213
242
339
16
971
69
657
666
752
487
391
1000
616
978
633
924
768
138
821
194
426
200
765
394
182
127
713
333
834
148
769
448
524
203
347
270
505
285
669
931
783
518
416
1003
188
604
742
694
260
585
379
954
760
1051
843
629
1103
640
181
1004
718
485
626
177
271
756
1002
787
553
726
995
275
1039
461
412
283
659
378
325
475
988
209
94
221
1055
63
805
295
538
356
514
403
734
841
368
715
680
699
555
78
160
806
591
253
110
543
36
989
296
27
727
324
891
609
825
862
1094
157
1027
534
232
813
690
610
653
509
1064
982
317
190
663
964
226
977
528
312
414
60
101
1077
624
266
991
597
779
186
1015
517
366
1068
1066
658
974
762
1043
973
952
876
321
360
1101
279
96
230
1084
21
400
290
363
500
630
395
732
872
443
250
581
587
1105
689
940
1100
305
790
576
985
453
369
1028
306
179
1030
662
1099
434
902
733
314
1102
300
84
353
491
939
773
972
568
466
397
349
481
411
860
628
731
1090
336
1063
641
257
849
1097
563
682
224
444
671
498
143
351
910
268
193
728
178
845
291
546
494
743
404
846
980
284
184
984
211
777
121
107
866
162
119
204
884
62
674
904
471
311
459
175
58
313
778
554
1033
342
1056
634
244
374
355
274
147
405
754
943
288
688
123
264
913
894
749
361
128
367
697
895
844
817
292
261
1049
1065
803
212
8
1085
941
794
308
869
70
499
737
959
31
763
861
304
338
691
238
584
362
979
559
836
376
423
739
1062
330
227
993
382
958
670
652
701
540
871
334
1005
595
651
692
946
114
396
137
648
140
87
788
92
241
789
723
735
637
164
574
176
54
41
468
996
531
968
956
354
401
997
14
377
858
90
583
450
273
1082
706
82
525
100
549
1013
573
905
896
236
467
673
93
936
507
352
569
887
925
77
820
987
613
1
617
329
1093
704
693
115
948
551
824
880
711
801
529
234
799
751
772
420
969
294
560
724
408
707
86
619
926
833
702
951
897
1080
854
508
463
205
942
807
1050
966
639
196
873
986
684
118
816
917
681
1006
850
488
219
425
18
151
438
750
442
932
19
635
29
1009
1059
258
64
957
638
631
685
48
1034
180
223
831
474
192
780
698
809
51
879
547
130
935
432
399
755
216
88
804
126
818
153
237
782
95
535
645
757
687
124
155
654
792
495
838
231
501
134
1042
847
402
1001
664
486
868
636
865
346
589
480
159
263
797
297
592
830
108
332
239
43
642
1078
113
1053
254
139
736
901
614
649
564
1010
383
85
523
593
1072
599
103
1045
900
165
515
923
229
17
6
372
7
11
