1017
39
451
947
457
265
1011
791
497
111
477
25
815
643
217
767
853
819
319
875
91
59
385
55
665
667
307
191
945
953
197
393
981
1069
705
1071
983
483
1007
439
611
899
375
409
67
281
521
557
341
513
881
919
169
539
473
527
277
415
129
45
975
1091
61
607
929
863
839
679
1083
75
49
35
703
245
345
327
867
1081
605
419
465
1079
601
381
135
3
1021
233
15
827
315
357
37
725
255
9
837
117
775
1041
621
859
413
575
71
961
729
1073
331
105
5
421
23
365
47
109
167
717
695
647
449
287
625
303
615
1075
173
1057
183
1037
251
1035
567
877
823
741
299
503
445
89
225
785
207
97
145
53
1067
655
915
359
309
33
387
903
249
761
1095
793
893
337
269
927
511
1089
855
885
851
469
949
479
243
747
519
407
911
661
427
335
187
1047
781
541
161
429
371
81
955
417
759
709
163
683
627
437
141
999
965
577
889
65
1029
431
13
235
1019
125
185
675
753
909
967
533
963
835
199
213
339
971
69
657
487
391
633
821
765
127
713
333
769
203
347
505
285
669
931
783
1003
585
379
1051
843
629
1103
181
485
177
271
787
553
995
275
1039
461
283
659
325
475
209
221
1055
63
805
295
403
841
715
699
555
591
253
543
989
27
727
891
609
825
157
1027
813
653
509
317
663
977
101
1077
991
597
779
1015
517
1043
973
321
1101
279
21
363
395
443
581
587
1105
689
305
985
453
369
179
1099
733
353
491
939
773
397
349
481
411
731
1063
641
257
849
1097
563
671
143
351
193
845
291
743
211
777
121
107
119
471
311
459
175
313
1033
355
147
405
943
123
913
749
361
367
697
895
817
261
1049
1065
803
1085
941
869
499
737
959
31
763
861
691
979
559
423
739
227
993
701
871
1005
595
651
137
87
241
789
723
735
637
41
531
401
997
377
583
273
525
549
1013
573
905
467
673
93
507
569
887
925
77
987
613
1
617
329
1093
693
115
551
711
801
529
799
751
969
707
619
833
951
897
463
205
807
639
873
917
681
219
425
151
19
635
29
1009
1059
957
631
685
223
831
809
51
879
547
935
399
755
153
237
95
535
645
757
687
155
495
231
501
847
1001
865
589
159
263
797
297
239
43
113
1053
139
901
649
383
85
523
593
599
103
1045
165
515
923
229
17
7
11
Liczba liczb nieparzystych: 496
