672
490
146
1060
1020
154
874
714
542
370
646
976
530
686
1074
510
740
166
758
532
1022
622
150
38
506
600
386
436
990
744
210
1088
716
1086
4
12
960
104
470
1024
454
492
30
218
384
550
660
26
606
608
886
1052
1054
46
280
700
316
776
536
710
938
158
132
586
262
814
42
76
80
66
878
916
28
602
852
918
738
220
198
950
516
410
650
802
644
50
446
998
464
56
418
172
1044
906
596
746
392
102
892
620
208
340
1040
748
1048
228
472
842
310
914
460
676
120
934
612
452
112
598
810
68
1106
98
594
970
256
1016
1032
302
562
588
1104
152
548
708
248
898
520
552
22
632
462
930
72
476
808
1098
826
348
350
298
278
890
20
864
440
962
322
856
40
1096
364
580
770
848
174
398
582
912
380
558
390
1012
482
994
796
428
822
1026
512
202
74
544
722
246
328
326
570
828
556
1076
590
992
720
578
136
388
32
222
484
784
344
730
888
2
618
10
1036
774
272
456
786
142
1038
106
252
1092
116
1058
422
496
240
276
320
24
242
16
666
752
1000
616
978
924
768
138
194
426
200
394
182
834
148
448
524
270
518
416
188
604
742
694
260
954
760
640
1004
718
626
756
1002
726
412
378
988
94
538
356
514
734
368
680
78
160
806
110
36
296
324
862
1094
534
232
690
610
1064
982
190
964
226
528
312
414
60
624
266
186
366
1068
1066
658
974
762
952
876
360
96
230
1084
400
290
500
630
732
872
250
940
1100
790
576
1028
306
1030
662
434
902
314
1102
300
84
972
568
466
860
628
1090
336
682
224
444
498
910
268
728
178
546
494
404
846
980
284
184
984
866
162
204
884
62
674
904
58
778
554
342
1056
634
244
374
274
754
288
688
264
894
128
844
292
212
8
794
308
70
304
338
238
584
362
836
376
1062
330
382
958
670
652
540
334
692
946
114
396
648
140
788
92
164
574
176
54
468
996
968
956
354
14
858
90
450
1082
706
82
100
896
236
936
352
820
704
948
824
880
234
772
420
294
560
724
408
86
926
702
1080
854
508
942
1050
966
196
986
684
118
816
1006
850
488
18
438
750
442
932
258
64
638
48
1034
180
474
192
780
698
130
432
216
88
804
126
818
782
124
654
792
838
134
1042
402
664
486
868
636
346
480
592
830
108
332
642
1078
254
736
614
564
1010
1072
900
6
372
Liczba liczb parzystych: 504
