0.858407
0.858407
0.858407
0.141593
0.0584074
0.191741
0.286979
0.358407
0.413963
0.0584074
0.131135
0.191741
0.243023
0.286979
0.0584074
0.141593
0.0827693
0.0304817
0.016302
0.0584074
0.0939735
0.232502
0.185071
0.308259
0.261593
0.218516
0.17863
0.141593
0.245041
0.208259
0.173851
0.266593
0.232502
0.200416
0.170164
0.141593
0.114566
0.088961
0.0646695
0.0415928
0.0196416
0.0939735
0.164848
0.141593
0.208259
0.185071
0.162869
0.224926
0.202817
0.181593
0.1612
0.141593
0.122725
0.17863
0.159774
0.141593
0.124049
0.10711
0.0907449
0.0749258
0.0596253
0.0448186
0.0304815
0.0165927
0.00313083
0.00992259
0.0225867
0.0239455
0.0111579
0.00126466
0.0430009
0.0304817
0.0730998
0.0605115
0.0482594
0.0363294
0.0247094
0.0133876
0.00235215
0.00840744
0.0304817
0.0196416
0.00906268
0.00126466
0.0113486
0.0211979
0.0308209
0.0402256
0.0494188
0.0139631
0.0232426
0.0323203
0.0412029
0.0498968
0.0584074
0.0667406
0.033665
0.0420807
0.0503264
0.0584074
0.0663281
0.0740937
0.0817083
0.0891767
0.0965026
0.10369
0.110744
0.0806294
0.0877651
0.0584074
0.0656143
0.0726932
0.044248
0.016302
0.0236247
0.0308209
0.0378946
0.0448481
0.0180713
0.0250741
0.0319613
0.00594839
0.0128787
0.0125603
0.0375926
0.0304815
0.0234822
0.0478427
0.0408174
0.0339002
0.027089
0.0203806
0.0137729
0.00726405
0.0304815
0.0239455
0.0175051
0.0111579
0.00490204
0.00126466
0.00734362
0.013337
0.00872556
0.00270382
0.00323495
0.00909218
0.0123409
0.00645748
0.000652703
0.00507387
0.0107253
0.016302
0.00433794
0.00126466
0.0190119
0.0133876
0.00783459
0.00235215
0.00306138
0.00840744
0.0136867
0.0189012
0.0240515
0.0291389
0.00992235
0.0150338
0.020084
0.0250741
0.0300051
0.0348779
0.0396939
0.0444539
0.0491587
0.0538097
0.0584074
0.0402256
0.0448481
0.0494188
0.053938
0.0584074
0.0407279
0.0452205
0.0496641
0.0540596
0.0367857
0.0412029
0.0455731
0.0498968
0.0541745
0.0584074
0.0625959
0.0667406
0.0708426
0.0749021
0.0789202
0.0828973
0.0868338
0.0907305
0.0945881
0.0984074
0.0822881
0.0861302
0.0899344
0.0937015
0.0974317
0.101126
0.104784
0.0891767
0.0928572
0.0965026
0.100113
0.10369
0.107234
0.0920523
0.0956164
0.0991479
0.102647
0.106114
0.109549
0.112953
0.0982264
0.0836326
0.0871068
0.09055
0.0939628
0.0973454
0.100698
0.0864776
0.0723811
0.0757986
0.0791865
0.0825451
0.0687078
0.0720826
0.0754286
0.0787464
0.0820359
0.0852982
0.0717965
0.0584074
0.0617267
0.065019
0.0682839
0.0715221
0.0747338
0.0779196
0.0810793
0.0842141
0.0873228
0.0744074
0.0775307
0.0647565
0.0678936
0.0710057
0.0584074
0.0615323
0.0646332
0.0677098
0.0707627
0.0584076
0.0614725
0.0645142
0.0675326
0.0705286
0.0735014
0.0764526
0.0793811
0.0822881
0.0851732
0.0880371
0.0908795
0.0789956
0.0818506
0.0700861
0.0729528
0.0757986
0.0786239
0.0670403
0.069877
0.0726932
0.0754891
0.0782658
0.0810221
0.0837596
0.0724424
0.0751906
0.0779196
0.0667406
0.0556394
0.0584074
0.0474108
0.0501879
0.0529467
0.042081
0.0448481
0.034083
0.0368584
0.0261928
0.0155979
0.0184072
0.00790915
0.0107253
0.0135227
0.016302
0.0190631
0.0218061
0.0115021
0.0142516
0.0169836
0.0196975
0.0223947
0.0122534
0.0149568
0.0176431
0.0203119
0.010306
0.0129815
0.00306138
0.00679627
0.0165927
0.0263278
0.0235802
0.0208494
0.0181359
0.0277466
0.0372981
0.0467915
0.0440318
0.0412888
0.0385625
0.0479371
0.0452072
0.0424937
0.0397963
0.037115
0.0344497
0.0318004
0.041001
0.0383476
0.0357105
0.0330881
0.0304817
0.0278901
0.0253135
0.022752
0.0202056
0.0176734
0.0151559
0.0126528
0.0101642
0.00768963
0.00522915
0.0027825
0.000349911
0.00919834
0.00676122
0.0043377
0.00192777
0.0106734
0.00825921
0.00585857
0.00347129
0.00109664
0.00126442
0.00361284
0.00594839
0.0082713
0.0105813
0.0128787
0.0151642
0.0066553
0.00894484
0.0112225
0.0134877
0.0157405
0.00734338
0.0096012
0.0118466
0.0140799
0.016302
0.0185123
0.020711
0.0228983
0.0146573
0.0168489
0.0190292
0.0211981
0.0130464
0.0152198
0.00712523
0.00930247
0.0114687
0.0136238
0.0157677
0.017901
0.0200237
0.0120598
0.0141862
0.00627717
0.00159255
0.000552026
0.00726429
0.00511614
0.00297871
0.000851782
0.00126466
0.00337037
0.00546607
0.00755176
0.00962695
0.0116919
0.00403842
0.00610718
0.00816569
0.0102147
0.0122534
0.0142828
0.00673279
0.00876531
0.0107883
0.0128017
0.0148054
0.0167998
0.00935063
0.0113486
0.0133367
0.0153159
0.0172859
0.0192467
0.0211979
0.0231405
0.0250739
0.0269986
0.0289143
0.0308212
0.0327192
0.0346087
0.0364896
0.0292502
0.0311345
0.0239404
0.025828
0.0277077
0.0295785
0.0314411
0.0243264
0.0261925
0.02805
0.0298994
0.0317405
0.0335735
0.0353986
0.0372153
0.0302137
0.0232426
0.0250741
0.0268973
0.0287131
0.0218061
0.0236247
0.0254358
0.0272385
0.0290337
0.0308209
0.032601
0.0343729
0.0361377
0.0378946
0.0396441
0.041386
0.0431207
0.0448481
0.046568
0.0482808
0.0415653
0.0432814
0.0366045
0.0383235
0.0400358
0.0417407
0.0351225
0.0368303
0.0385316
0.0402256
0.0419126
0.0435925
0.0452655
0.0469321
0.0404116
0.0420807
0.0437432
0.045399
0.0470484
0.0486906
0.0503267
0.0438913
0.0374819
0.0391301
0.0407723
0.0424074
0.044036
0.0456584
0.0472744
0.0488838
0.0504867
0.0520833
0.0536736
0.0552576
0.0489772
0.0505641
0.0521451
0.0459073
0.0474912
0.0490688
0.0506404
0.0522059
0.0537651
0.0553184
0.0491587
0.0507151
0.0522653
0.0538095
0.055348
0.0568806
0.0584074
0.059928
0.0614434
0.0553771
0.0568951
0.0584072
0.059914
0.061415
0.0554057
0.0494185
0.0509308
0.0524374
0.053938
0.0479983
0.049502
0.051
0.0450989
0.0465992
0.0480944
0.0495838
0.0510679
0.0525463
0.0467072
0.0481883
0.0496639
0.043862
0.0453404
0.0395666
0.0410477
0.0353025
0.0367859
0.0382634
0.0325547
0.0340346
0.0355092
0.0369788
0.0384429
0.0399021
0.0342511
0.0357123
0.0371686
0.0386194
0.0400651
0.0415061
0.0359116
0.0303372
0.024782
0.0262395
0.0276919
0.0291389
0.0236247
0.0250739
0.0265182
0.0210372
0.0224832
0.0170279
0.0184763
0.0199195
0.0213576
0.0227908
0.0242194
0.0256427
0.0270615
0.0284756
0.0298842
0.0312887
0.032688
0.034083
0.0354732
0.0368584
0.0382391
0.0396155
0.0409871
0.0423537
0.043716
0.0384072
0.0397719
0.0344871
0.0358535
0.0372153
0.0385726
0.0399254
0.0412739
0.0426179
0.0439573
0.038735
0.0400766
0.0414139
0.0427466
0.0440753
0.045399
0.0402256
0.0415514
0.0428735
0.0441907
0.0455039
0.0468131
0.0481182
0.0494188
0.0507151
0.0520073
0.0532955
0.0482
0.0494901
0.044417
0.045709
0.0469967
0.0482808
0.0495606
0.0508364
0.0458089
0.0470866
0.0483602
0.04963
0.0508955
0.0521572
0.0534151
0.054669
0.0559188
0.0571652
0.0584074
0.0596457
0.0608805
0.062111
0.0571748
0.0584074
0.0596362
0.0547262
0.0559569
0.0510679
0.0523005
0.0474318
0.0486661
0.0498966
0.0511235
0.0523468
0.0535663
0.0487398
0.0499609
0.0451542
0.0403622
0.0355845
0.0308212
0.03206
0.0273162
0.0285567
0.0238322
0.0250741
0.0263122
0.0275467
0.0287777
0.0300051
0.0312286
0.0324489
0.0336653
0.0348779
0.0360871
0.037293
0.0384951
0.0396939
0.0350498
0.0362497
0.0374466
0.0386399
0.0398298
0.035219
0.0364102
0.037598
0.0387824
0.0399633
0.0411411
0.0423153
0.0434862
0.0389231
0.0400954
0.0355502
0.0367239
0.0321966
0.0333718
0.0345436
0.0357123
0.0312119
0.0323819
0.0335484
0.0347119
0.0358723
0.0370289
0.0381826
0.0393332
0.04048
0.0416242
0.0427647
0.0439025
0.0450371
0.0461682
0.0472964
0.0484212
0.049543
0.0506619
0.0462526
0.0473727
0.0484901
0.044102
0.0452205
0.046336
0.0474485
0.0485578
0.0496641
0.0507675
0.0518678
0.0529652
0.0540596
0.0551511
0.0562395
0.0573247
0.0584074
0.059487
0.0605636
0.0616375
0.0627082
0.0637766
0.0648418
0.065904
0.061616
0.0626799
0.0584074
0.0541464
0.0498968
0.0509704
0.0520414
0.0531093
0.0541745
0.0552371
0.0562964
0.0573533
0.0584074
0.0594586
0.0605071
0.0615528
0.0625959
0.0636362
0.0646738
0.0657085
0.0667406
0.0677703
0.068797
0.0698212
0.0708426
0.0718614
0.0728777
0.0738913
0.0697473
0.0707627
0.071775
0.0727848
0.0737918
0.0747965
0.0757986
0.0767981
0.0777951
0.0787896
0.0797816
0.075688
0.0766815
0.0726026
0.0735973
0.0745893
0.075579
0.0765661
0.077551
0.078533
0.0744875
0.0754715
0.0764526
0.072425
0.0684074
0.0693935
0.0703774
0.0663775
0.0673626
0.0683452
0.0693255
0.0703033
0.0712787
0.0722514
0.0732222
0.0692581
0.0702301
0.0711995
0.0721665
0.0731312
0.0691918
0.0701579
0.0711213
0.0720826
0.0730415
0.069126
0.06522
0.0661837
0.0671452
0.0681041
0.0690614
0.0651787
0.0661367
0.0670925
0.0680459
0.068997
0.0699459
0.0708924
0.0718366
0.0727786
0.0737184
0.0746561
0.0755912
0.0717565
0.0679313
0.0688711
0.0698088
0.0707444
0.0716775
0.0726083
0.0735372
0.0744639
0.0753885
0.0763107
0.0772308
0.0781487
0.0790645
0.0799783
0.0808896
0.0817991
0.0780335
0.0789441
0.0798527
0.0807589
0.0816632
0.0779196
0.0741847
0.0750934
0.0713702
0.0722803
0.0731879
0.06948
0.0657807
0.0620898
0.0630053
0.0639182
0.0648294
0.0657383
0.0666452
0.0675503
0.0638867
0.064793
0.0656966
0.0665983
0.0674981
0.0683959
0.0692917
0.0701855
0.071077
0.0719665
0.0728544
0.0737399
0.0746237
0.0755053
0.0763849
0.0772627
0.0781382
0.0790118
0.0798839
0.0807537
0.0816215
0.0824874
0.0833517
0.0842138
0.085074
0.0859321
0.0823539
0.0832134
0.0796462
0.0805067
0.0769504
0.077812
0.0786718
0.0795296
0.0759898
0.0768488
0.0777055
0.0785609
0.0794137
0.0802654
0.0811149
0.0819624
0.0828083
0.0836521
0.0844942
0.0853346
0.0861731
0.082676
0.0835155
0.0843535
0.0851892
0.0860232
0.0868555
0.0876862
0.0885149
0.0850454
0.0858751
0.0824159
0.0832468
0.084076
0.0849031
0.0814596
0.0822881
0.0788549
0.0796839
0.0805114
0.0813373
0.0821615
0.0787464
0.0753385
0.0761662
0.0769924
0.0778166
0.0744241
0.0752493
0.076073
0.0768948
0.0777148
0.078533
0.0793498
0.0801645
0.0809778
0.0817893
0.0825993
0.0834075
0.0842138
0.0850185
0.0858217
0.086623
0.0874229
0.0882209
0.0890175
0.0898124
0.0906056
0.0913969
0.092187
0.0929752
0.093762
0.0945469
0.0953306
0.0961123
0.0927983
0.0894912
0.0902766
0.0910605
0.0918425
0.0926231
0.0934022
0.0941797
0.0908948
0.091673
0.0924498
0.0891765
0.0899542
0.0866903
0.087469
0.0882462
0.0849935
0.0857714
0.0865479
0.0873228
0.0840844
0.0848604
0.0856346
0.0864073
0.0871786
0.0879482
0.0887166
0.0854989
0.086268
0.0870357
0.0878018
0.0845979
0.0853647
0.0861302
0.0868941
0.0837038
0.0844685
0.081287
0.0820526
0.0828169
0.0835794
0.0843407
0.0851
0.0858584
0.0866149
0.08737
0.0881239
0.0888761
0.0857244
0.0864774
0.0872293
0.0879794
0.088728
0.0894755
0.090221
0.0909654
0.0917083
0.09245
0.09319
0.0939287
0.0946659
0.0954014
0.0961359
0.0968691
0.0976003
0.0944918
0.0952242
0.0921238
0.0928572
0.0935889
0.0904993
0.0912317
0.0919629
0.0926932
0.0934215
0.0941485
0.091076
0.0918041
0.0925306
0.0932558
0.0901955
0.0909215
0.0878693
0.0885957
0.0893217
0.0900458
0.0907687
0.0914901
0.0922101
0.092929
0.0936464
0.0943623
0.0913354
0.0920523
0.0927678
0.0934821
0.0904671
0.0874575
0.0881747
0.0888906
0.0858911
0.0866078
0.0836156
0.0806297
0.0813492
0.0783704
0.0790904
0.0798095
0.0805272
0.0812434
0.0782784
0.0789956
0.0797113
0.0804256
0.0811387
0.0818506
0.0825611
0.079614
0.0803252
0.081035
0.0817436
0.082451
0.0831572
0.0838619
0.0845653
0.0852676
0.0859686
0.0830451
0.0801269
0.0808307
0.0815328
0.082234
0.082934
0.0800291
0.0807296
0.0814289
0.0821272
0.0828238
0.0835195
0.0842138
0.0849069
0.0855988
0.0862893
0.0869788
0.0876668
0.0883537
0.0890397
0.0897242
0.0904075
0.0910893
0.0917703
0.0924502
0.0931285
0.0938059
0.0909449
0.0916229
0.0922996
0.0894481
0.0901254
0.0872808
0.0879587
0.0851208
0.0858
0.0864774
0.0871542
0.0878292
0.0850039
0.0856801
0.0863551
0.0870286
0.0877014
0.0883723
0.0855614
0.0862332
0.0834289
0.0806294
0.0778352
0.0785113
0.0791865
0.0798608
0.0805336
0.0812052
0.0784248
0.0790969
0.0763229
0.0769959
0.0776678
0.0783387
0.0790082
0.0762461
0.0769163
0.0775853
0.0782534
0.0789202
0.0761701
0.0768372
0.0775038
0.0781687
0.078833
0.079496
0.0801576
0.0774225
0.0746921
0.0753563
0.0760196
0.0766815
0.0773421
0.0746237
0.0719098
0.0692001
0.0664948
0.0637945
0.0610987
0.0584074
0.0590793
0.0597497
0.0570663
0.0577374
0.0550602
0.0557319
0.0564023
0.0570718
0.0577401
0.0584072
0.0590735
0.0597385
0.0604022
0.061065
0.0617271
0.0590707
0.0597332
0.0603941
0.0610541
0.0617131
0.0623709
0.0630277
0.0636836
0.0643383
0.0649918
0.0656444
0.0662955
0.0669459
0.0643137
0.0649646
0.0656146
0.0662633
0.0636404
0.0642897
0.0616725
0.0590599
0.0597115
0.0571047
0.0577565
0.0584074
0.0558079
0.0564593
0.0571097
0.0577589
0.0584074
0.0558184
0.0564671
0.0571147
0.0577618
0.0584074
0.0590521
0.0596956
0.0603381
0.0609797
0.0584074
0.0558391
0.053275
0.0539201
0.0545641
0.0552073
0.052652
0.0532955
0.053938
0.0545796
0.0552202
0.0558594
0.0564981
0.0571354
0.057772
0.0584074
0.0590418
0.0596751
0.0603076
0.0609389
0.0615695
0.0590394
0.0596701
0.0603002
0.0609289
0.0615569
0.0621839
0.0628098
0.0634349
0.0640589
0.0646819
0.0653041
0.065925
0.0665451
0.0671643
0.0677823
0.0683995
0.0690158
0.0696312
0.0671302
0.064633
0.06525
0.0658666
0.0664819
0.0670963
0.0646089
0.0652238
0.0658377
0.0664507
0.0639716
0.0645848
0.0651973
0.0658091
0.0633381
0.0639502
0.0614842
0.0590223
0.0596362
0.0571793
0.0577939
0.055342
0.0559569
0.0565711
0.0571841
0.0547405
0.055354
0.0559665
0.0535291
0.0541423
0.0547543
0.0523237
0.0529362
0.0535477
0.0511235
0.048703
0.046286
0.0438727
0.0444892
0.0420807
0.0426973
0.0433131
0.0439278
0.0415274
0.0421422
0.0427566
0.0403622
0.0409766
0.0385874
0.0362016
0.0338198
0.0344375
0.0350543
0.0356699
0.0332952
0.0309242
0.0315417
0.0321582
0.0327741
0.0304104
0.0310265
0.0316416
0.0322557
0.0328689
0.0334814
0.034093
0.0317405
0.0293919
0.0300051
0.0306173
0.0312286
0.0318392
0.0324489
0.0330573
0.0336653
0.034272
0.0348779
0.035483
0.0360871
0.0366906
0.037293
0.0378946
0.0384951
0.039095
0.03677
0.0373701
0.0379694
0.0385676
0.0391653
0.0397621
0.0403579
0.0409528
0.0415469
0.0392352
0.0398298
0.0404235
0.0410162
0.0416077
0.042199
0.0427891
0.0433784
0.0439669
0.0445546
0.0451413
0.0428453
0.0434328
0.0440186
0.0417286
0.0423153
0.0400298
0.0406168
0.0383356
0.0389231
0.0395096
0.0400954
0.0378211
0.0384074
0.0389927
0.0367239
0.03731
0.0378946
0.0384787
0.0390619
0.0368009
0.0373846
0.0379673
0.038549
0.0391303
0.0397104
0.0402897
0.0408684
0.0386194
0.0391982
0.0369535
0.0375327
0.0381115
0.038689
0.0364512
0.0370289
0.0376061
0.0381826
0.0387581
0.0393332
0.037104
0.037679
0.0354541
0.0360299
0.0366045
0.0343848
0.0349599
0.0327447
0.0333203
0.0338949
0.0344687
0.0322598
0.0328339
0.0334073
0.0339797
0.0345515
0.0351225
0.0356925
0.0362621
0.0368305
0.0373984
0.0379654
0.0385316
0.0363384
0.0341483
0.034716
0.0325299
0.0330981
0.0336653
0.0342313
0.0320519
0.0326186
0.0331846
0.0337499
0.0343142
0.0348779
0.0327068
0.0305386
0.0311037
0.0316678
0.0322317
0.0327946
0.0333563
0.0339175
0.034478
0.0350378
0.0355967
0.0361551
0.0367125
0.037269
0.0378252
0.0383802
0.0389348
0.0367857
0.0373405
0.0351954
0.0357505
0.036305
0.0368584
0.0347196
0.0352734
0.0358268
0.0363789
0.0369309
0.0374819
0.0353511
0.0332232
0.0337754
0.0343274
0.0348781
0.0354281
0.0359774
0.0365261
0.0344075
0.0322915
0.0328415
0.0333908
0.0339394
0.0344871
0.035034
0.0355805
0.0361262
0.0366712
0.0372153
0.0377587
0.0383016
0.0388437
0.0393852
0.0372852
0.0351883
0.0357312
0.0362731
0.0368143
0.0347231
0.0352648
0.0358053
0.0337191
0.0316356
0.0321778
0.030098
0.0306405
0.0285643
0.0291069
0.0296491
0.0301906
0.0307313
0.0286616
0.0292025
0.0271371
0.0276781
0.0282186
0.0287586
0.0266984
0.0272385
0.0277778
0.0283168
0.0288545
0.0293919
0.0299283
0.0304643
0.0309995
0.0289501
0.0294856
0.0300203
0.0305541
0.0310877
0.0316203
0.0295785
0.0275391
0.0280732
0.0286063
0.0265716
0.0271052
0.027638
0.0281702
0.0287019
0.0292326
0.0297628
0.0302924
0.0282668
0.0287965
0.0293258
0.0273047
0.027834
0.0283626
0.0288909
0.0294183
0.0299447
0.0304709
0.0309962
0.0315209
0.032045
0.0300349
0.0280276
0.0285529
0.0290774
0.0296012
0.0301245
0.0306471
0.0311688
0.0291696
0.029692
0.0302137
0.0307344
0.0312546
0.0292614
0.0297821
0.0303019
0.0308209
0.0313395
0.0318576
0.0323749
0.0328914
0.0309072
0.0314241
0.0319403
0.0299607
0.0279835
0.0285009
0.0290178
0.0270446
0.0250739
0.0255919
0.0261093
0.0241428
0.022179
0.0226973
0.0232154
0.0237323
0.0217737
0.022291
0.0203355
0.0183826
0.0164321
0.0169514
0.01747
0.0179883
0.0185059
0.0190228
0.019539
0.0175963
0.0181125
0.0161727
0.0166896
0.0147532
0.0152701
0.0133367
0.0138541
0.0143705
0.0148867
0.0154019
0.0159164
0.01399
0.0120657
0.0125817
0.010661
0.0111767
0.0116919
0.0122066
0.0127209
0.0132342
0.0137473
0.0142594
0.0147711
0.015282
0.0157925
0.016302
0.016811
0.0173198
0.0154119
0.015921
0.016429
0.0169366
0.0174435
0.0179499
0.0184554
0.0189606
0.0194651
0.0199691
0.0204721
0.020975
0.0214768
0.0219785
0.0224791
0.0205856
0.0210868
0.0215872
0.0196978
0.0201984
0.0206986
0.0211981
0.0193132
0.0198129
0.0203122
0.0184313
0.0165525
0.0170527
0.0175522
0.0156775
0.0161773
0.0166765
0.017175
0.0176729
0.0181707
0.0186675
0.0167998
0.0172969
0.0177935
0.0182894
0.0164262
0.0169221
0.017418
0.017913
0.0184074
