4	
2 1
2 4
5 4
5 1
3
3 2
7 2
5 -2
4
0 0
5 0
9 3
4 3
4
4 -2
7 -4
5 -7
2 -5
4
-2 -1
-4 -1
-6 1
-4 1
3
-14 -26
46 -1
72 -53
3
95 -17
16 -75
-35 97
3
-12 43
-69 -89
88 43
4
63 -60
45 -60
45 -78
63 -78
3
11 -63
-97 -5
-34 75
3
10 -97
-41 34
-23 28
4
-63 16
-91 25
-100 -3
-72 -12
5
-50 9
-44 15
-36 15
-32 11
-40 9
3
11 84
-23 -30
7 47
4
-75 -65
-115 -65
-91 -97
-51 -97
5
-81 -94
-75 -88
-67 -88
-63 -92
-71 -94
4
70 -27
70 -14
83 -14
83 -27
5
89 94
89 144
114 194
139 144
139 94
3
-46 42
-8 22
-21 71
3
84 -64
74 0
-18 67
5
24 -5
24 45
49 95
74 45
74 -5
5
49 18
55 24
63 24
67 20
59 18
3
33 -41
66 87
-23 63
6
-33 77
-27 83
-19 83
-15 79
-23 71
-29 71
3
-72 -52
-99 40
97 0
3
95 66
69 -12
25 74
4
-69 -16
-46 -18
-26 7
-93 5
3
-42 -80
-38 9
69 100
3
-61 42
-19 -92
48 43
4
-6 78
17 76
37 101
-30 99
4
97 -37
71 -30
64 -56
90 -63
3
-87 33
25 -46
-40 18
4
-77 31
-100 36
-105 13
-82 8
3
81 -51
35 80
28 81
3
50 56
-5 38
-34 90
4
-29 22
-49 30
-57 10
-37 2
3
65 42
83 -25
60 34
3
-85 -15
0 -16
25 -58
3
-31 -61
-70 -59
-22 -82
3
-69 12
38 -86
90 -27
4
-56 99
-56 125
-66 101
-66 75
4
-65 34
-71 34
-71 28
-65 28
4
-65 -98
-73 -98
-73 -106
-65 -106
3
0 -36
-39 -84
-98 82
3
-75 31
-96 -54
-65 61
4
33 33
33 46
28 34
28 21
4
-70 -2
-41 -4
-15 27
-100 25
4
80 -91
50 -91
68 -115
98 -115
5
13 62
13 82
23 102
33 82
33 62
3
-15 48
9 35
83 58
3
-45 4
-76 7
-98 75
5
-22 73
-22 113
-2 153
18 113
18 73
4
-15 -67
19 -69
50 -33
-50 -35
6
10 30
19 39
31 39
37 33
25 21
16 21
4
-10 -29
-29 -29
-29 -48
-10 -48
3
-72 -95
76 -40
-71 -63
3
11 53
38 -35
-64 75
3
-21 40
-97 59
-1 62
3
-64 26
43 9
-80 -89
4
56 -87
56 -61
46 -85
46 -111
3
72 10
-63 -76
72 -43
3
83 -40
55 87
39 64
5
76 -30
76 20
101 70
126 20
126 -30
3
32 22
-40 -11
96 27
5
57 -60
57 -20
77 20
97 -20
97 -60
4
-18 -51
-32 -51
-32 -65
-18 -65
5
-48 93
-42 99
-34 99
-30 95
-38 93
4
45 -32
16 -24
8 -53
37 -61
3
42 -40
-98 -32
4 -50
3
9 49
10 25
51 97
3
-76 30
-60 -33
9 -8
3
71 -73
-39 71
4 -74
4
73 87
73 97
83 97
83 87
4
-75 -57
-75 -31
-85 -55
-85 -81
4
-45 -24
-9 -26
24 12
-82 10
3
-27 17
-70 -54
2 77
6
78 -90
87 -81
99 -81
105 -87
93 -99
84 -99
5
9 -54
9 -4
34 46
59 -4
59 -54
3
-1 -93
-64 63
18 38
4
92 86
92 138
72 90
72 38
4
78 70
38 70
62 38
102 38
3
22 15
-79 -60
-62 18
4
-83 -43
-94 -43
-94 -54
-83 -54
3
72 -61
-14 -83
-56 13
3
-43 27
37 -13
7 -16
4
18 73
11 73
11 66
18 66
5
-67 -13
-58 -4
-46 -4
-40 -10
-52 -13
3
4 32
-81 -43
-96 17
3
-3 14
-58 63
-44 2
4
-91 -75
-117 -68
-124 -94
-98 -101
5
-80 -20
-77 -17
-73 -17
-71 -19
-75 -20
4
-44 72
-44 90
-26 90
-26 72
3
71 19
-36 -85
56 -8
5
-1 31
2 34
6 34
8 32
4 31
3
-30 -49
5 38
-26 94
6
20 24
23 27
27 27
29 25
25 21
22 21
4
-77 19
-77 38
-58 38
-58 19
4
50 21
50 73
30 25
30 -27
4
20 -4
-6 4
-14 -22
12 -30
4
81 53
81 79
71 55
71 29
4
92 55
80 55
80 43
92 43
4
-39 100
-48 100
-48 91
-39 91
3
-99 4
26 0
93 91
3
-65 36
-7 53
-98 -2
4
70 -77
90 -79
107 -57
49 -59
3
-85 73
96 58
15 86
4
-51 -84
-96 -84
-69 -120
-24 -120
4
89 -37
80 -37
80 -46
89 -46
3
-16 -20
55 -17
79 11
3
-87 11
-58 -86
-79 -13
4
62 -1
52 -1
58 -9
68 -9
5
-75 29
-72 32
-68 32
-66 30
-70 29
3
40 20
-28 -43
-75 14
3
-41 1
58 -59
11 -16
3
-54 -37
31 -41
-33 -94
3
19 81
-62 33
89 -81
4
-48 45
-54 45
-54 39
-48 39
3
-55 46
-23 -76
-34 -84
3
-50 -67
68 9
-57 -24
4
-79 -37
-79 -11
-89 -35
-89 -61
4
-7 61
-52 61
-25 25
20 25
5
94 73
97 76
101 76
103 74
99 73
3
-43 -23
83 92
-29 92
5
-100 3
-100 13
-95 23
-90 13
-90 3
3
-3 -83
-70 73
-1 -82
3
77 15
-3 -57
63 11
3
60 39
-45 -52
35 40
3
-20 81
-13 -28
-11 69
4
55 87
46 87
46 78
55 78
5
-26 97
-17 106
-5 106
1 100
-11 97
4
-84 -7
-53 -9
-25 24
-116 22
4
-16 54
7 52
27 77
-40 75
3
68 54
14 -64
47 10
3
82 88
96 -99
-100 4
4
17 46
17 72
7 48
7 22
5
61 39
61 49
66 59
71 49
71 39
4
-7 -10
-7 42
-27 -6
-27 -58
4
89 49
54 49
75 21
110 21
4
11 -31
4 -31
4 -38
11 -38
4
-17 48
-22 48
-22 43
-17 43
3
17 -9
12 98
-22 -34
3
25 85
-3 71
-36 -92
3
57 -72
42 -7
98 -51
4
-3 64
-33 64
-15 40
15 40
3
98 -60
1 55
-26 43
5
-77 -5
-77 45
-52 95
-27 45
-27 -5
4
-84 -48
-84 -32
-68 -32
-68 -48
3
6 -21
99 -91
27 2
4
25 -86
1 -79
-6 -103
18 -110
3
-20 38
-78 -83
74 82
3
4 -61
23 -94
32 8
5
83 -70
83 -50
93 -30
103 -50
103 -70
4
-92 3
-92 29
-102 5
-102 -21
3
36 -49
-73 -12
100 -64
4
-98 100
-69 98
-43 129
-128 127
3
-65 -51
-87 33
47 -2
4
91 -15
91 2
108 2
108 -15
3
88 90
-79 -7
4 98
3
-4 36
-66 -58
-68 31
5
50 -93
59 -84
71 -84
77 -90
65 -93
3
91 -48
-64 -56
-83 -80
3
90 18
6 -10
3 -73
4
-9 0
-32 7
-39 -16
-16 -23
3
54 74
-43 72
-83 -42
3
7 36
-50 -53
-66 1
3
-25 91
96 -77
-35 88
5
-75 6
-75 56
-50 106
-25 56
-25 6
3
70 -60
-14 -24
20 56
4
-31 -92
-50 -92
-50 -111
-31 -111
3
-4 76
92 6
-69 -95
4
58 38
29 46
21 17
50 9
3
18 -91
-34 8
-100 -31
4
32 28
32 41
27 29
27 16
3
-98 76
-37 42
-89 62
3
22 -6
-86 -100
85 -41
4
-20 58
-31 58
-31 47
-20 47
3
-48 29
-91 -31
-74 -9
3
-50 100
-44 -63
27 67
3
-75 88
78 62
-92 -88
4
-14 -52
-14 -37
1 -37
1 -52
3
6 -84
13 -59
-25 23
4
-92 -50
-69 -52
-49 -27
-116 -29
3
49 59
-62 46
-1 -36
3
44 99
78 71
46 -25
5
77 -14
83 -8
91 -8
95 -12
87 -14
4
61 67
61 119
41 71
41 19
4
-94 -68
-107 -68
-107 -81
-94 -81
3
67 -53
60 -86
95 -78
3
72 -51
-12 -21
41 -77
3
-59 -74
-90 14
-50 -5
4
-53 53
-24 51
2 82
-83 80
3
5 -4
-99 -52
-52 -46
4
4 26
-24 32
-30 4
-2 -2
4
-3 -24
-3 -8
13 -8
13 -24
4
-20 38
-47 45
-54 18
-27 11
3
45 82
100 -40
-54 -70
3
74 -13
-74 85
-8 37
5
-51 34
-45 40
-37 40
-33 36
-41 34
4
-61 -82
-61 -64
-43 -64
-43 -82
3
-17 -1
44 75
68 48
3
17 98
35 42
69 -89
3
-9 -62
-88 77
-25 -77
3
-8 -29
-82 -7
98 -33
4
-12 59
-12 85
-22 61
-22 35
3
-74 76
39 76
-93 98
3
-60 74
81 -3
-23 47
3
72 -67
-26 -62
-1 -21
5
11 25
11 65
31 105
51 65
51 25
6
-7 -2
-4 1
0 1
2 -1
-2 -5
-5 -5
4
60 37
87 35
111 64
32 62
4
-37 11
-62 11
-47 -9
-22 -9
4
27 -27
65 -29
100 11
-12 9
3
40 -93
35 -79
77 -59
3
7 58
-9 93
-84 32
4
82 -81
58 -76
53 -100
77 -105
4
9 25
-15 32
-22 8
2 1
4
-15 83
-35 88
-40 68
-20 63
4
-66 -26
-31 -28
1 9
-102 7
5
-29 73
-23 79
-15 79
-11 75
-19 73
3
55 -24
62 0
-42 32
4
-58 -83
-58 -71
-46 -71
-46 -83
3
23 33
-77 -92
38 -48
3
-32 -90
-46 -8
50 87
4
-36 -88
-36 -78
-26 -78
-26 -88
3
17 3
88 100
-79 81
6
72 66
81 75
93 75
99 69
87 57
78 57
4
-16 -97
-16 -84
-21 -96
-21 -109
4
34 57
73 55
109 96
-6 94
4
60 64
60 75
71 75
71 64
6
67 -43
70 -40
74 -40
76 -42
72 -46
69 -46
3
-59 -11
-85 47
-4 28
3
-98 -81
-22 -6
52 -28
3
91 -49
58 -100
96 68
4
-31 55
7 53
42 93
-70 91
4
-26 -35
-42 -35
-42 -51
-26 -51
3
70 59
71 -20
-56 -5
3
94 -8
-67 15
-63 -43
3
12 33
69 92
22 -23
3
-29 33
-85 -46
-46 -85
5
86 85
86 95
91 105
96 95
96 85
3
85 19
15 -77
-35 -52
4
5 -13
-13 -13
-13 -31
5 -31
3
-94 39
-67 75
-14 -33
3
-87 56
-95 -7
53 -47
3
29 55
-47 46
65 36
4
-50 -7
-75 -7
-60 -27
-35 -27
3
30 72
12 -26
-81 19
3
-30 -33
18 -17
20 19
4
90 16
127 14
161 53
52 51
5
-8 15
-8 45
7 75
22 45
22 15
6
-74 34
-71 37
-67 37
-65 35
-69 31
-72 31
4
-27 97
-27 108
-16 108
-16 97
3
65 -1
35 -80
-4 -54
3
-71 10
80 20
67 -31
4
-35 -89
-43 -89
-43 -97
-35 -97
6
1 -25
7 -19
15 -19
19 -23
11 -31
5 -31
4
16 4
16 30
6 6
6 -20
3
-45 82
-11 63
-66 50
4
-87 77
-87 103
-97 79
-97 53
5
-83 -58
-83 -28
-68 2
-53 -28
-53 -58
3
39 -97
53 -40
-73 -78
4
-22 19
-43 26
-50 5
-29 -2
3
-53 -43
64 14
-68 48
4
48 46
28 46
40 30
60 30
3
-17 23
55 -68
-1 40
5
-94 -24
-94 6
-79 36
-64 6
-64 -24
3
-3 64
-59 97
34 -4
3
-65 99
31 19
-33 -64
3
-97 -6
64 -98
30 -35
6
26 -68
29 -65
33 -65
35 -67
31 -71
28 -71
4
-5 26
-45 26
-21 -6
19 -6
3
42 -3
-7 86
2 -90
4
58 -26
43 -26
43 -41
58 -41
6
-48 22
-39 31
-27 31
-21 25
-33 13
-42 13
3
-83 -98
-28 -48
18 -36
3
67 -87
-77 11
-71 -57
3
77 93
34 -91
-61 -59
4
55 -64
48 -64
48 -71
55 -71
3
-31 -69
-12 50
-78 48
4
-18 82
-53 82
-32 54
3 54
4
65 82
65 95
60 83
60 70
3
-80 -49
46 22
-32 -16
5
-2 -36
-2 14
23 64
48 14
48 -36
5
-77 66
-77 76
-72 86
-67 76
-67 66
4
-18 -88
-58 -88
-34 -120
6 -120
4
69 50
94 48
116 75
43 73
3
79 30
-7 -90
51 87
3
37 6
87 -7
12 -81
3
-78 2
-9 69
47 68
4
22 -2
-2 5
-9 -19
15 -26
4
-9 -46
15 -48
36 -22
-34 -24
4
63 93
53 93
53 83
63 83
4
-51 33
-51 59
-61 35
-61 9
4
36 -56
-9 -56
18 -92
63 -92
3
60 -54
45 73
-8 70
3
-70 -66
46 -38
93 88
3
-85 -62
-100 41
53 70
3
98 -11
28 19
-100 41
3
93 18
76 75
-72 62
3
-47 -33
-40 23
67 -19
6
-62 -81
-56 -75
-48 -75
-44 -79
-52 -87
-58 -87
4
98 65
73 74
64 49
89 40
4
6 -25
-44 -25
-14 -65
36 -65
3
36 -91
1 9
-32 89
3
6 -28
45 -95
90 -79
4
26 -27
63 -29
97 10
-12 8
4
-39 -67
-39 -49
-21 -49
-21 -67
3
81 -62
87 29
-5 41
4
-79 32
-44 30
-12 67
-115 65
5
45 -62
45 -22
65 18
85 -22
85 -62
3
88 61
71 -35
-20 64
4
37 42
12 49
5 24
30 17
5
-87 -50
-87 -30
-77 -10
-67 -30
-67 -50
4
-50 -75
-50 -49
-60 -73
-60 -99
4
14 76
14 93
31 93
31 76
5
69 39
78 48
90 48
96 42
84 39
3
-30 85
21 -31
-18 -33
3
57 -39
9 -38
93 68
4
12 -17
-38 -17
-8 -57
42 -57
3
3 70
75 -35
10 58
3
-63 22
35 76
-59 2
4
60 28
45 28
54 16
69 16
3
32 -30
43 -45
32 -92
3
-84 -11
94 -99
80 10
6
-10 81
-1 90
11 90
17 84
5 72
-4 72
3
25 -72
-52 -38
54 83
3
99 56
19 -78
-83 35
4
77 47
77 60
90 60
90 47
4
56 34
33 41
26 18
49 11
4
46 -17
17 -10
10 -39
39 -46
3
-67 29
64 54
47 -54
3
85 -84
-35 84
34 -100
3
49 25
-63 -95
93 86
3
-96 -55
-40 -71
7 13
3
39 7
31 -93
85 4
3
93 -97
-3 74
-1 -100
3
-49 24
18 52
-87 70
3
65 -70
-14 13
-93 -20
4
-61 94
-74 94
-74 81
-61 81
3
-22 -81
-12 6
71 -17
3
-86 -16
32 21
-69 -98
3
-28 37
-28 16
68 43
3
66 29
-66 -94
84 42
4
22 -13
45 -15
65 10
-2 8
3
-29 -46
-69 -75
-77 10
4
-71 67
-49 65
-30 89
-94 87
3
69 -19
-43 0
-38 69
4
12 -31
12 -16
27 -16
27 -31
4
-3 -44
-3 -26
15 -26
15 -44
4
-23 -32
-33 -32
-33 -42
-23 -42
3
-92 42
8 30
72 53
3
20 58
30 13
-34 -84
3
-85 62
86 -42
-75 97
3
11 76
56 13
-86 35
3
-84 -47
15 64
81 43
3
86 -36
-90 64
-80 90
4
-59 -51
-76 -51
-76 -68
-59 -68
6
93 16
99 22
107 22
111 18
103 10
97 10
5
86 -50
86 -10
106 30
126 -10
126 -50
4
-70 59
-80 59
-74 51
-64 51
3
52 52
-10 61
-96 -28
6
17 23
20 26
24 26
26 24
22 20
19 20
4
27 -54
6 -47
-1 -68
20 -75
3
25 74
94 -66
-93 -27
3
-7 2
37 -26
-3 -78
6
-77 -18
-68 -9
-56 -9
-50 -15
-62 -27
-71 -27
5
2 14
2 34
12 54
22 34
22 14
5
-68 17
-59 26
-47 26
-41 20
-53 17
5
67 5
76 14
88 14
94 8
82 5
4
-20 33
-20 72
-35 36
-35 -3
4
-88 -65
-88 -26
-103 -62
-103 -101
4
-82 -1
-60 -3
-41 21
-105 19
3
0 -59
-59 -24
14 49
5
-100 13
-100 23
-95 33
-90 23
-90 13
4
-80 -29
-80 10
-95 -26
-95 -65
3
-38 33
81 7
-35 30
3
-74 -91
-56 -27
-53 47
4
-100 76
-123 83
-130 60
-107 53
3
24 78
-76 -36
6 80
4
-46 80
-16 78
11 110
-77 108
5
-5 6
1 12
9 12
13 8
5 6
5
93 81
102 90
114 90
120 84
108 81
3
37 88
66 -28
-92 -93
4
-17 -56
-17 -38
1 -38
1 -56
4
6 -5
-34 -5
-10 -37
30 -37
4
-53 -86
-53 -60
-63 -84
-63 -110
3
37 48
-8 39
44 28
4
-68 -70
-29 -72
7 -31
-108 -33
5
57 5
63 11
71 11
75 7
67 5
6
28 -36
37 -27
49 -27
55 -33
43 -45
34 -45
3
43 -27
-61 8
84 -24
3
-19 80
95 81
86 66
4
41 60
41 73
54 73
54 60
5
-51 57
-51 87
-36 117
-21 87
-21 57
5
84 -11
87 -8
91 -8
93 -10
89 -11
3
9 38
-24 96
-5 -84
4
-82 82
-137 82
-104 38
-49 38
5
60 -40
60 -10
75 20
90 -10
90 -40
5
-66 -25
-57 -16
-45 -16
-39 -22
-51 -25
4
-34 34
-34 47
-39 35
-39 22
4
37 99
37 110
48 110
48 99
3
-40 -44
-1 -90
25 89
3
-54 -36
-40 14
83 14
3
-33 -85
16 -55
-99 -72
4
74 -34
74 18
54 -30
54 -82
3
-48 67
54 46
-35 8
3
-92 -18
-4 -22
-53 62
3
88 47
-59 -51
-28 69
3
-89 -28
76 -15
-87 -47
4
-52 79
-19 77
11 112
-86 110
4
-7 41
-7 59
11 59
11 41
4
-54 83
-54 135
-74 87
-74 35
6
77 -59
80 -56
84 -56
86 -58
82 -62
79 -62
4
6 -33
6 -7
-4 -31
-4 -57
4
78 -8
63 -8
72 -20
87 -20
4
-64 -49
-104 -49
-80 -81
-40 -81
3
57 16
-8 -100
-45 22
4
39 -63
13 -54
4 -80
30 -89
4
24 -60
14 -60
14 -70
24 -70
4
76 -7
51 -7
66 -27
91 -27
3
28 44
83 48
-24 -61
3
-15 52
63 73
56 -71
3
81 -90
28 -35
-99 10
3
70 27
12 -54
35 -63
3
-92 -7
-23 89
-63 -98
4
-7 -78
-7 -65
-12 -77
-12 -90
4
-9 13
-9 65
-29 17
-29 -35
3
51 36
13 14
-13 -14
3
22 60
-27 -57
26 -58
3
-26 10
35 -5
-34 -20
4
16 49
4 49
4 37
16 37
3
52 97
-71 6
-52 34
4
-95 18
-115 18
-103 2
-83 2
4
-85 -83
-90 -83
-90 -88
-85 -88
3
4 -53
76 -45
77 45
4
55 -39
34 -32
27 -53
48 -60
3
12 92
74 -83
-38 2
3
28 -2
52 -28
-72 -99
3
84 -52
-78 41
95 30
3
-79 -77
43 -34
-90 -90
3
-73 -75
20 -8
12 46
5
19 -54
19 -34
29 -14
39 -34
39 -54
4
-43 17
-43 30
-48 18
-48 5
3
36 41
-50 36
-76 -43
4
68 -59
52 -59
52 -75
68 -75
4
-85 82
-95 82
-89 74
-79 74
3
-24 13
-43 -24
33 92
3
24 42
-1 45
59 49
4
60 -95
40 -88
33 -108
53 -115
4
69 7
69 23
85 23
85 7
4
-32 -24
-55 -17
-62 -40
-39 -47
5
13 39
19 45
27 45
31 41
23 39
4
69 47
34 47
55 19
90 19
4
-68 89
-68 102
-73 90
-73 77
3
67 -26
-91 42
-51 -30
4
-51 13
-51 25
-39 25
-39 13
6
17 45
26 54
38 54
44 48
32 36
23 36
5
-4 -83
5 -74
17 -74
23 -80
11 -83
5
52 -62
58 -56
66 -56
70 -60
62 -62
3
56 -4
47 59
47 -16
3
62 9
-90 28
17 -28
3
-94 19
-45 -45
21 -5
4
71 13
71 27
85 27
85 13
4
-60 -67
-60 -28
-75 -64
-75 -103
5
-18 89
-18 109
-8 129
2 109
2 89
3
-75 82
26 17
1 68
3
81 -53
-73 56
-6 99
3
-77 23
-32 88
70 -46
4
42 12
42 25
37 13
37 0
3
-65 -44
-51 -38
33 6
3
-79 -15
-79 -98
-25 80
3
-1 55
-32 62
90 -64
4
-64 -58
-84 -53
-89 -73
-69 -78
4
4 99
4 125
-6 101
-6 75
3
-91 -49
69 -26
-5 97
5
4 24
13 33
25 33
31 27
19 24
4
-2 36
-2 46
8 46
8 36
3
82 -50
-19 2
-60 72
5
86 -17
86 -7
91 3
96 -7
96 -17
4
29 90
24 90
24 85
29 85
3
92 73
-42 -4
-27 -99
3
64 -4
5 -81
53 36
3
-51 41
-6 34
-99 90
3
-22 -73
91 -76
-55 -30
4
-50 0
-21 -2
5 29
-80 27
5
-86 76
-86 96
-76 116
-66 96
-66 76
6
1 -89
7 -83
15 -83
19 -87
11 -95
5 -95
4
17 -71
11 -71
11 -77
17 -77
4
17 65
17 75
27 75
27 65
4
-84 64
-84 76
-72 76
-72 64
3
-39 77
65 -44
-53 58
3
19 55
13 -79
52 -86
4
25 -45
25 -35
35 -35
35 -45
3
-85 2
94 -28
-63 -100
4
-62 -96
-117 -96
-84 -140
-29 -140
4
-57 21
-92 21
-71 -7
-36 -7
3
18 98
83 -66
-84 38
5
-80 -73
-80 -33
-60 7
-40 -33
-40 -73
4
99 -79
99 -60
118 -60
118 -79
3
51 -35
37 97
-29 -13
3
-3 -63
-41 61
-28 -71
5
79 82
79 132
104 182
129 132
129 82
3
99 -43
78 5
98 65
3
-41 64
-5 -95
52 -25
3
-22 39
-81 5
98 86
4
31 -46
31 -33
26 -45
26 -58
3
-61 93
-100 38
-64 -83
3
2 15
-85 51
16 59
3
-12 -27
2 -60
-58 -59
3
38 -56
-67 -8
-67 -99
3
87 -20
-96 -26
-13 -36
4
-24 24
-24 63
-39 27
-39 -12
4
53 28
24 37
15 8
44 -1
5
-10 -9
-4 -3
4 -3
8 -7
0 -9
5
-29 -93
-29 -63
-14 -33
1 -63
1 -93
4
-45 -21
-18 -23
6 6
-73 4
4
52 -38
32 -38
44 -54
64 -54
4
-30 16
-1 14
25 45
-60 43
3
-30 -26
-72 10
58 66
3
-80 47
-88 25
50 28
3
-61 -23
37 -96
93 -13
3
72 28
-2 55
88 -37
4
-92 43
-114 50
-121 28
-99 21
3
-42 -81
-27 42
-43 44
4
-14 75
-14 88
-1 88
-1 75
3
-88 -7
27 -76
-59 35
3
15 66
-93 17
-62 60
3
-91 29
-22 0
-34 -5
4
-54 -98
-33 -100
-15 -77
-76 -79
5
-14 81
-8 87
0 87
4 83
-4 81
6
42 -1
45 2
49 2
51 0
47 -4
44 -4
4
-73 38
-80 38
-80 31
-73 31
5
85 20
85 70
110 120
135 70
135 20
3
-19 77
-8 16
-76 73
4
-6 -68
-41 -68
-20 -96
15 -96
4
32 64
11 72
3 51
24 43
3
-21 -20
-40 7
-35 79
4
56 3
84 1
109 31
27 29
3
-23 29
-30 42
36 2
4
84 79
75 79
75 70
84 70
3
55 -13
98 44
-74 -32
3
9 -86
7 -90
-10 20
3
15 5
31 26
94 -46
4
-11 75
-35 84
-44 60
-20 51
3
77 42
-11 -70
29 44
4
-12 -82
-33 -74
-41 -95
-20 -103
4
100 -33
83 -33
83 -50
100 -50
4
-90 -28
-52 -30
-17 10
-129 8
6
-27 0
-18 9
-6 9
0 3
-12 -9
-21 -9
3
54 -51
-15 -47
-54 45
3
-76 58
-26 -98
-55 -29
3
-68 29
25 75
-6 -49
4
44 -89
22 -82
15 -104
37 -111
4
-28 -28
-28 11
-43 -25
-43 -64
3
98 75
65 -40
-80 13
5
-85 -60
-76 -51
-64 -51
-58 -57
-70 -60
3
-64 -17
-29 -46
-10 91
6
-57 16
-48 25
-36 25
-30 19
-42 7
-51 7
4
-28 82
-54 90
-62 64
-36 56
5
-74 24
-74 74
-49 124
-24 74
-24 24
4
-57 48
-66 48
-66 39
-57 39
3
96 11
10 74
80 44
5
10 75
19 84
31 84
37 78
25 75
3
-99 86
-32 -74
-13 61
3
-51 -31
-4 -24
-22 -79
3
-10 3
44 60
-73 15
6
-96 61
-87 70
-75 70
-69 64
-81 52
-90 52
4
81 -84
81 -65
100 -65
100 -84
4
83 -55
64 -55
64 -74
83 -74
4
40 -40
40 -23
57 -23
57 -40
5
36 -51
36 -1
61 49
86 -1
86 -51
4
2 92
-12 92
-12 78
2 78
3
92 2
17 62
65 73
3
-98 -42
-26 -5
35 40
3
37 66
-97 -80
60 -51
4
-95 92
-123 99
-130 71
-102 64
4
-37 -89
-37 -79
-27 -79
-27 -89
3
93 -94
-48 -57
1 -93
4
27 -33
-8 -33
13 -61
48 -61
3
-33 -29
-76 -4
-87 36
4
-67 24
-87 29
-92 9
-72 4
3
-40 94
51 -11
-97 8
4
93 18
93 35
110 35
110 18
3
-11 47
-47 64
85 -10
3
62 25
68 69
-90 6
3
-15 -89
-52 -10
-87 -34
3
-57 -56
-61 7
-66 -71
3
-94 -11
42 72
48 -61
3
93 19
8 -91
90 21
4
-58 -59
-58 -42
-41 -42
-41 -59
4
71 22
63 22
63 14
71 14
4
-14 -12
-40 -6
-46 -32
-20 -38
4
17 68
39 66
58 90
-6 88
6
31 -42
37 -36
45 -36
49 -40
41 -48
35 -48
3
-22 -11
-44 30
67 -55
5
-70 -85
-61 -76
-49 -76
-43 -82
-55 -85
4
64 -20
57 -20
57 -27
64 -27
4
43 99
28 99
28 84
43 84
3
1 -12
-61 -76
60 51
4
-72 -7
-72 8
-57 8
-57 -7
4
-86 28
-113 34
-119 7
-92 1
4
54 70
54 122
34 74
34 22
3
33 -21
-29 74
36 89
3
75 -8
-57 -31
57 -92
4
59 -37
59 2
44 -34
44 -73
3
39 99
-18 -42
39 -95
3
91 -57
-6 -54
71 70
3
95 -55
50 -1
92 36
3
-21 54
8 20
-70 -23
3
-54 36
64 50
-95 -1
3
-54 -17
-66 -58
64 92
3
-78 76
14 60
-20 -52
3
55 -86
84 91
25 -2
4
65 20
65 30
75 30
75 20
4
-54 29
-54 47
-36 47
-36 29
3
58 56
-61 -41
48 16
5
-20 -50
-20 -10
0 30
20 -10
20 -50
4
54 -49
42 -49
42 -61
54 -61
3
-62 44
-29 73
-13 54
3
30 84
51 -17
13 9
6
-19 -86
-13 -80
-5 -80
-1 -84
-9 -92
-15 -92
5
9 -14
12 -11
16 -11
18 -13
14 -14
3
73 56
-19 64
-98 57
4
22 -61
-1 -52
-10 -75
13 -84
4
96 21
61 21
82 -7
117 -7
3
-11 -2
-5 -12
44 83
4
-10 -48
-27 -48
-27 -65
-10 -65
4
-36 -83
-51 -83
-51 -98
-36 -98
3
16 89
-19 -80
-38 -62
3
-9 -43
-3 91
73 4
4
22 -64
-4 -59
-9 -85
17 -90
3
7 74
-62 -75
-13 -57
4
19 10
19 22
31 22
31 10
3
37 99
-91 47
10 81
3
-21 65
44 2
14 43
6
-9 -60
-6 -57
-2 -57
0 -59
-4 -63
-7 -63
5
-72 -95
-72 -75
-62 -55
-52 -75
-52 -95
4
8 -11
33 -13
55 14
-18 12
4
28 14
18 14
24 6
34 6
3
79 -89
77 34
73 -50
4
-43 6
-43 32
-53 8
-53 -18
4
-67 -11
-102 -11
-81 -39
-46 -39
5
19 27
19 57
34 87
49 57
49 27
3
49 -66
37 -14
-67 76
3
-75 -65
10 3
64 53
3
63 -85
25 79
-76 -22
3
75 -50
-35 3
-28 -39
5
-32 -72
-23 -63
-11 -63
-5 -69
-17 -72
3
-93 87
31 55
90 -63
4
73 65
73 104
58 68
58 29
3
-6 4
40 23
-62 7
5
29 51
38 60
50 60
56 54
44 51
5
32 50
32 70
42 90
52 70
52 50
3
82 -31
-79 -67
-12 68
4
19 -26
19 -11
34 -11
34 -26
4
-86 19
-113 25
-119 -2
-92 -8
4
-38 54
-68 54
-50 30
-20 30
3
-53 -46
88 -48
78 27
4
-46 -45
-101 -45
-68 -89
-13 -89
3
-100 -57
91 79
50 -12
3
79 -49
-95 -81
-10 -26
4
33 -48
33 -30
51 -30
51 -48
5
-2 32
-2 62
13 92
28 62
28 32
3
17 44
45 19
-30 -88
3
66 -40
2 -46
-27 36
3
-68 8
49 -3
-68 -40
4
86 -13
86 -3
96 -3
96 -13
3
-99 -25
-62 36
49 83
3
7 -92
-53 12
74 -83
3
-74 77
3 98
76 -14
4
12 77
12 91
26 91
26 77
6
-21 -25
-12 -16
0 -16
6 -22
-6 -34
-15 -34
4
-8 100
19 98
43 127
-36 125
4
0 -14
0 25
-15 -11
-15 -50
4
-64 42
-77 42
-77 29
-64 29
3
-81 -20
34 71
9 30
3
-56 -28
72 -93
2 62
4
-54 -77
-76 -69
-84 -91
-62 -99
3
-57 -18
-19 8
-45 50
4
-46 75
-86 75
-62 43
-22 43
4
73 66
23 66
53 26
103 26
4
-12 71
-12 97
-22 73
-22 47
4
24 52
53 50
79 81
-6 79
4
43 -39
18 -34
13 -59
38 -64
3
-72 -63
-11 -20
-21 84
3
66 -22
-2 97
-87 48
6
12 86
15 89
19 89
21 87
17 83
14 83
4
-67 -32
-112 -32
-85 -68
-40 -68
5
-84 88
-84 118
-69 148
-54 118
-54 88
4
-57 -96
-18 -98
18 -57
-97 -59
3
-77 51
-78 -74
83 96
3
-1 -13
-8 -1
-79 31
3
-4 -39
-23 -47
32 -98
3
-95 26
29 -90
-6 9
4
-59 -64
-88 -57
-95 -86
-66 -93
4
-11 8
-20 8
-20 -1
-11 -1
5
-28 6
-28 26
-18 46
-8 26
-8 6
5
52 23
52 53
67 83
82 53
82 23
4
21 86
6 86
6 71
21 71
6
-32 82
-26 88
-18 88
-14 84
-22 76
-28 76
3
15 23
-39 -31
-29 -89
4
40 -14
35 -14
35 -19
40 -19
3
-99 27
86 81
-57 52
4
59 58
44 58
44 43
59 43
3
6 -37
-97 80
-82 22
5
-20 -63
-20 -43
-10 -23
0 -43
0 -63
3
34 14
-4 95
63 38
3
1 -98
-19 81
-63 34
3
-71 -85
-22 -64
54 -26
4
-94 41
-99 41
-99 36
-94 36
3
87 34
31 -34
79 -33
3
30 -90
-92 2
79 3
5
38 82
38 132
63 182
88 132
88 82
3
-95 27
95 -70
31 -77
4
15 91
-9 96
-14 72
10 67
3
85 48
-78 60
-99 78
6
19 0
28 9
40 9
46 3
34 -9
25 -9
3
-36 86
-52 84
-38 -91
4
66 79
46 79
58 63
78 63
3
54 -1
30 53
-81 -88
3
-59 -33
38 -8
-39 75
4
15 69
-8 76
-15 53
8 46
4
-100 9
-100 27
-82 27
-82 9
3
30 72
51 15
35 86
5
59 65
62 68
66 68
68 66
64 65
3
-19 20
62 -15
-99 65
3
-58 -24
-90 94
14 -54
3
-46 29
48 -63
68 30
3
80 -40
6 -48
-49 68
3
93 -50
-62 -81
15 -98
3
-63 -66
-3 8
50 -24
5
-1 -76
5 -70
13 -70
17 -74
9 -76
3
-46 40
78 -69
6 -14
3
84 -57
-11 -84
60 44
3
-85 -77
-70 -18
-33 -67
3
-56 100
-20 79
10 -51
4
71 44
99 42
124 72
42 70
3
52 -24
44 66
10 87
4
54 36
43 36
43 25
54 25
3
-64 -77
73 -38
86 30
5
-44 56
-38 62
-30 62
-26 58
-34 56
4
84 7
84 21
98 21
98 7
4
2 58
27 56
49 83
-24 81
4
-56 -24
-56 15
-71 -21
-71 -60
5
-82 -28
-73 -19
-61 -19
-55 -25
-67 -28
3
-88 11
-1 11
-60 -12
3
-50 -4
85 -66
57 29
3
-20 -96
-4 -74
-4 -87
5
-10 78
-7 81
-3 81
-1 79
-5 78
3
1 -11
79 -53
-2 -27
3
38 -22
30 -4
-8 -6
3
-21 -11
48 -70
77 62
5
51 -41
54 -38
58 -38
60 -40
56 -41
5
-84 -59
-84 -49
-79 -39
-74 -49
-74 -59
4
39 -91
39 -39
19 -87
19 -139
3
15 40
-46 53
-54 52
4
69 89
56 89
56 76
69 76
3
-70 98
37 97
73 94
4
-10 69
-10 88
9 88
9 69
3
15 29
-100 -9
-9 78
5
87 -50
87 -40
92 -30
97 -40
97 -50
3
-55 -84
-81 -84
-17 -45
4
90 58
84 58
84 52
90 52
4
-88 90
-64 88
-43 114
-113 112
5
-98 -9
-98 1
-93 11
-88 1
-88 -9
3
-61 -22
27 -58
44 -83
3
34 -16
-66 47
-39 26
3
11 26
28 -76
-78 21
4
-84 -66
-53 -68
-25 -35
-116 -37
4
-44 48
-11 46
19 81
-78 79
4
30 -54
17 -54
17 -67
30 -67
4
-35 -19
-35 -6
-40 -18
-40 -31
3
47 -38
-100 -94
-88 -21
4
-65 -64
-65 -49
-50 -49
-50 -64
4
4 -72
-31 -72
-10 -100
25 -100
5
84 -58
93 -49
105 -49
111 -55
99 -58
4
89 -62
123 -64
154 -28
54 -30
3
91 70
-1 25
78 -85
3
99 12
-14 31
-29 -16
3
24 -55
73 -35
26 78
4
-28 33
-42 33
-42 19
-28 19
5
60 -15
60 5
70 25
80 5
80 -15
3
-10 64
-2 -28
-33 -41
4
-48 54
-71 62
-79 39
-56 31
3
-83 -36
18 -57
35 -68
3
79 25
-91 23
91 52
3
6 73
-40 -27
-44 97
3
71 -52
90 -81
-41 15
6
-5 39
-2 42
2 42
4 40
0 36
-3 36
3
15 13
-77 14
49 -97
3
30 -28
36 -80
-80 -95
6
-59 -16
-56 -13
-52 -13
-50 -15
-54 -19
-57 -19
4
69 53
60 53
60 44
69 44
4
19 -99
-6 -91
-14 -116
11 -124
3
-4 98
90 -100
-8 -50
3
91 -99
-81 -98
-77 8
4
24 51
24 64
19 52
19 39
3
-37 74
23 -89
-61 -81
4
51 -6
51 10
67 10
67 -6
4
-82 71
-82 97
-92 73
-92 47
4
90 -81
73 -81
73 -98
90 -98
3
63 36
41 24
53 -82
4
-66 -20
-66 19
-81 -17
-81 -56
3
69 -95
45 -43
7 -62
3
-57 90
1 -53
-41 91
4
21 -89
11 -89
11 -99
21 -99
4
39 -30
39 -20
49 -20
49 -30
5
77 21
77 61
97 101
117 61
117 21
5
29 -21
29 29
54 79
79 29
79 -21
4
100 26
100 65
85 29
85 -10
4
93 45
93 55
103 55
103 45
3
-36 -69
23 -10
57 73
4
-26 5
8 3
39 39
-61 37
4
86 -45
61 -45
76 -65
101 -65
4
-93 63
-104 63
-104 52
-93 52
3
50 -70
3 45
-22 23
3
-54 68
10 -24
-1 82
3
99 96
39 -39
-35 -82
4
-46 58
-46 72
-32 72
-32 58
4
-43 -78
-88 -78
-61 -114
-16 -114
4
71 12
41 12
59 -12
89 -12
4
65 -69
37 -62
30 -90
58 -97
4
20 -1
20 14
35 14
35 -1
4
-88 -38
-98 -38
-98 -48
-88 -48
3
-93 -68
-56 -8
-47 89
3
-92 -75
-90 90
-53 44
3
37 40
100 82
46 78
3
12 -23
94 -61
-28 -13
3
21 18
-73 -26
-29 2
3
-18 99
64 -49
4 -48
3
-7 91
-66 -1
10 37
3
24 -32
-40 -65
-61 -44
4
-16 -51
-31 -51
-31 -66
-16 -66
4
-74 78
-109 78
-88 50
-53 50
5
-31 -96
-31 -46
-6 4
19 -46
19 -96
4
29 29
5 38
-4 14
20 5
3
63 83
3 -68
-3 -85
5
51 -12
57 -6
65 -6
69 -10
61 -12
3
51 49
-24 -71
-47 43
3
-50 -37
45 -68
32 -34
3
-43 71
-81 -58
41 -97
5
-23 -44
-23 6
2 56
27 6
27 -44
3
70 51
-4 4
73 -97
4
-75 -47
-54 -49
-36 -26
-97 -28
4
-46 90
-46 142
-66 94
-66 42
3
-3 99
63 6
49 -82
3
5 37
-88 15
0 30
3
23 30
95 -76
-15 -54
3
-1 -2
85 -43
-93 57
3
-33 59
-84 45
73 -15
6
-98 85
-92 91
-84 91
-80 87
-88 79
-94 79
5
-24 -33
-18 -27
-10 -27
-6 -31
-14 -33
4
4 81
25 79
43 102
-18 100
3
-26 -40
75 10
24 6
3
-73 -52
-58 3
-14 51
4
-10 76
21 74
49 107
-42 105
3
-85 -63
-20 -28
78 -64
5
-13 5
-13 25
-3 45
7 25
7 5
5
-11 -36
-11 4
9 44
29 4
29 -36
4
-10 30
-10 48
8 48
8 30
5
-17 -62
-11 -56
-3 -56
1 -60
-7 -62
3
-89 100
85 -27
-86 -15
3
5 -11
31 -1
43 -20
6
96 -60
99 -57
103 -57
105 -59
101 -63
98 -63
5
52 79
55 82
59 82
61 80
57 79
4
-82 -88
-82 -36
-102 -84
-102 -136
4
-56 61
-35 59
-17 82
-78 80
4
60 35
54 35
54 29
60 29
3
-48 6
2 90
-52 -74
3
64 64
78 -27
-44 -94
4
-49 62
-60 62
-60 51
-49 51
4
37 -95
-13 -95
17 -135
67 -135
3
-2 90
-26 77
-26 -9
3
82 5
43 45
-44 94
3
-75 55
-25 -18
-28 68
3
55 -81
10 25
-85 12
3
82 -87
48 -68
97 -9
3
3 61
5 -87
94 -89
3
-13 99
61 -75
-37 58
4
23 -21
23 -7
37 -7
37 -21
3
6 -57
80 66
-69 -37
4
6 -4
-19 -4
-4 -24
21 -24
3
-3 42
84 28
19 18
5
-76 -19
-76 21
-56 61
-36 21
-36 -19
3
5 69
18 95
-2 -34
3
-57 56
-75 -80
66 -73
6
-46 53
-40 59
-32 59
-28 55
-36 47
-42 47
4
0 64
0 81
17 81
17 64
4
-96 88
-106 88
-100 80
-90 80
3
56 1
21 -52
-97 -26
3
99 -82
-84 62
16 -89
3
0 -2
-16 -75
44 -100
3
-13 -33
16 64
-73 82
6
-71 85
-68 88
-64 88
-62 86
-66 82
-69 82
5
-43 12
-43 42
-28 72
-13 42
-13 12
4
15 33
15 45
27 45
27 33
3
-45 12
41 55
15 38
3
-70 4
-100 -24
77 16
3
10 -94
48 -47
90 -18
4
56 98
21 98
42 70
77 70
4
-89 -42
-65 -44
-44 -18
-114 -20
5
46 -36
52 -30
60 -30
64 -34
56 -36
4
-3 -35
-23 -29
-29 -49
-9 -55
4
69 38
59 38
59 28
69 28
4
90 2
90 21
109 21
109 2
4
-96 86
-113 86
-113 69
-96 69
4
-100 37
-100 50
-105 38
-105 25
5
13 12
13 32
23 52
33 32
33 12
3
63 91
72 61
-15 -90
3
29 -26
-55 -22
-71 46
4
-5 -98
-5 -82
11 -82
11 -98
3
-60 -77
-4 20
-29 28
4
-3 81
-11 81
-11 73
-3 73
5
-99 4
-90 13
-78 13
-72 7
-84 4
3
-44 -52
-86 47
3 37
4
-54 70
-83 75
-88 46
-59 41
3
-45 71
-83 52
38 35
3
7 -16
-69 -70
-81 -97
3
-25 19
-34 -19
-4 -89
3
41 -51
90 -85
-96 -31
6
-51 -30
-45 -24
-37 -24
-33 -28
-41 -36
-47 -36
3
-37 -31
-57 -97
-44 -67
3
-18 89
-30 47
99 87
5
53 98
56 101
60 101
62 99
58 98
4
-57 -62
-33 -64
-12 -38
-82 -40
3
-59 36
52 24
8 93
3
86 -32
79 -70
-40 62
3
-86 -4
-59 67
-30 37
5
31 -4
40 5
52 5
58 -1
46 -4
4
-38 4
-7 2
21 35
-70 33
4
47 -58
17 -58
35 -82
65 -82
4
13 96
13 122
3 98
3 72
3
-30 92
100 18
3 13
3
13 -99
-33 -88
-85 45
4
-67 4
-87 4
-75 -12
-55 -12
4
-28 51
-28 64
-15 64
-15 51
3
-64 -39
-40 20
48 45
3
56 -87
11 80
-50 77
4
65 36
55 36
55 26
65 26
3
-13 25
71 -20
-56 -40
4
-9 52
-9 91
-24 55
-24 16
5
-69 100
-60 109
-48 109
-42 103
-54 100
4
-20 75
-20 88
-7 88
-7 75
5
-90 91
-90 111
-80 131
-70 111
-70 91
5
-39 84
-36 87
-32 87
-30 85
-34 84
3
29 50
61 69
-18 96
4
13 -8
13 44
-7 -4
-7 -56
4
83 58
57 63
52 37
78 32
3
-77 -52
32 -17
36 -15
5
-54 38
-45 47
-33 47
-27 41
-39 38
3
-20 -41
-55 6
61 97
3
63 -95
41 -93
87 -76
4
-4 7
-44 7
-20 -25
20 -25
3
74 76
-47 -15
42 -73
5
-32 13
-32 63
-7 113
18 63
18 13
4
38 -39
33 -39
33 -44
38 -44
3
77 35
95 11
62 -74
3
-99 23
-55 30
85 15
3
-15 -23
36 45
-47 38
4
15 35
-2 35
-2 18
15 18
3
-14 48
-82 38
44 -48
4
-23 28
-48 28
-33 8
-8 8
4
-86 -23
-141 -23
-108 -67
-53 -67
3
41 -41
-14 28
89 88
4
76 -95
112 -97
145 -59
39 -61
3
-65 -7
-62 20
77 55
5
65 88
74 97
86 97
92 91
80 88
4
89 -4
71 -4
71 -22
89 -22
4
-44 88
-68 94
-74 70
-50 64
5
19 33
19 73
39 113
59 73
59 33
3
-37 -41
89 -9
78 84
3
50 -1
-51 -3
71 -62
6
-30 -9
-24 -3
-16 -3
-12 -7
-20 -15
-26 -15
3
-50 -91
-68 -66
61 17
3
81 -59
93 -58
43 48
4
-93 -14
-101 -14
-101 -22
-93 -22
3
5 -57
51 49
-64 91
3
-30 35
-49 98
-95 94
6
-73 -70
-70 -67
-66 -67
-64 -69
-68 -73
-71 -73
3
-65 -92
41 64
-42 -47
4
-30 24
-49 24
-49 5
-30 5
3
2 57
-28 55
-58 59
4
-52 67
-52 83
-36 83
-36 67
3
-20 -44
-36 -36
65 -76
3
-6 -99
-79 16
-30 74
3
-17 -68
-84 -42
99 -17
5
-65 -89
-62 -86
-58 -86
-56 -88
-60 -89
5
-23 -80
-20 -77
-16 -77
-14 -79
-18 -80
4
-93 87
-67 85
-44 113
-120 111
3
45 5
-30 -79
-86 -79
3
56 -57
-13 4
0 -23
4
42 -75
12 -75
30 -99
60 -99
3
74 80
50 63
-80 -11
4
-43 28
-52 28
-52 19
-43 19
4
-55 -6
-26 -8
0 23
-85 21
4
95 2
126 0
154 33
63 31
6
-49 0
-98 49
-49 98
49 98
98 49
49 0
3
-10 -28
44 -91
-29 -14
3
83 34
14 2
-20 -86
4
73 43
58 43
58 28
73 28
